6 0.643979057591623 0.6033519553072627 0.3225130890052356 0.7039106145251397
4 0.5986992836095854 0.6371021280407527 0.16521058449144632 0.5659981147811106
12 0.5673125449467239 0.5022050904597872 0.02579224049745956 0.0630697128551706
12 0.5353409134967477 0.5366067520171529 0.02525490215376254 0.06306971285517056
12 0.5592524697912676 0.5824756340936406 0.02794159387224786 0.07453693337429258
1 0.6441519280954054 0.5977652614524698 0.06662995461843721 0.04395767865663413
50 0.5995528455685484 0.3660318467952143 0.033314977309218605 0.01815643248860976
3 0.5323855526064138 0.9354968845799392 0.02149353374788297 0.027712449587877976
34 0.6379725371428893 0.9350190837249757 0.02525490215376243 0.028668051297804906
17 0.6661828001869854 0.9345412828700123 0.026866917184853713 0.027712449587878076
36 0.5377589360433848 0.6832180331592567 0.026866917184853713 0.09269336586290229
16 0.6285691161281902 0.7037634699226833 0.02041885706048882 0.0363128649772194
39 0.5702679058370577 0.7032856690677199 0.018806842029397662 0.033446059847438835
40 0.5998215147403968 0.70328566906772 0.018806842029397534 0.03726846668714613
41 0.6288377853000388 0.7037634699226833 0.018806842029397662 0.0363128649772194
49 0.5655313168299311 0.3652619393458427 0.02454595025258123 0.016726456540055185
