6 0.44075829383886245 0.54 0.7464454976303315 0.6589473684210526
17 0.24972681741812572 0.8498337296124879 0.02614431171080611 0.025927989131656715
3 0.11582538095136202 0.8487533967320023 0.022496268216275057 0.03024932065359951
34 0.22192264591730784 0.8498337296124879 0.024320289963540596 0.025927989131656715
15 0.18361818922473142 0.378268427280481 0.15686587026483678 0.07022163723157034
15 0.18331418560018714 0.45821306043642257 0.15625786301574826 0.07022163723157034
15 0.18392219284927563 0.5365371942716357 0.15625786301574826 0.06914130435108455
15 0.18392219284927563 0.6181023267483057 0.15382583401939418 0.06806097147059889
15 0.1830101819756429 0.695886294143276 0.15443384126848272 0.06590030570962747
15 0.18392219284927563 0.7758309272992175 0.15625786301574826 0.068060971470599
26 0.1827061783510986 0.37772826084023814 0.15382583401939418 0.06698063859011326
19 0.18361818922473142 0.4565925611156941 0.15443384126848272 0.07346263587302743
48 0.18324607329842935 0.5716945996275605 0.1612565445026178 0.5176908752327747
