6 0.5000000000000001 0.47789473684210526 0.9976303317535548 0.9557894736842105
26 0.11615651878371686 0.6476295155179279 0.15526796691599254 0.06785561893959764
19 0.11632535385453811 0.7275384351902173 0.15526796691599257 0.07053413021352897
15 0.11686772942697116 0.3290481007436973 0.1540284360189574 0.07081339712918658
15 0.11745594584664486 0.40881115667053025 0.1553182154489751 0.06874845603090798
15 0.11690321198383714 0.48885400190651596 0.15531821544897512 0.07169481843223259
15 0.11662684505243325 0.5674236659418395 0.15366001386055184 0.06776633523046652
15 0.11690321198383714 0.8065700808493551 0.15531821544897512 0.06678421443002494
15 0.11662684505243325 0.883618685147677 0.1558709493117828 0.06580209362958339
15 0.11690321198383714 0.6479096930417068 0.15531821544897512 0.06776633523046642
15 0.11579774425822166 0.7264793570770302 0.15531821544897512 0.06776633523046642
17 0.18295490858936211 0.933215785569975 0.02542575768915608 0.02749938241236326
3 0.0483642129956773 0.9312515439690918 0.02155662064950188 0.02553514081148023
34 0.15476548158616732 0.9317426043693127 0.024320289963540596 0.024553020011038654
17 0.04560054368163859 0.11167173600062406 0.024873023826348328 0.03240998641457093
48 0.11570680628272254 0.5065176908752328 0.1643979057591623 0.819366852886406
