6 0.2445026178010471 0.46927374301675984 0.3193717277486911 0.707635009310987
4 0.2007701960105577 0.49940748264770607 0.16615464497425464 0.5617372300968033
25 0.2665666829209993 0.4616166699230084 0.0381510224024923 0.03535726326729253
36 0.21954957784750523 0.5452318195416059 0.026866917184853713 0.09364896757282912
34 0.23911556294519823 0.7975106709622886 0.02579224049745956 0.028668051297804798
17 0.26759449516114314 0.7970328701073249 0.025792240497459592 0.02389004274817056
3 0.13406591675242013 0.7960772683973981 0.023105548778974208 0.027712449587878076
23 0.1355068893487384 0.5455770389556772 0.02637842778149275 0.09469144216547655
9 0.16383927474367507 0.5460114033692804 0.02637842778149278 0.09556017099268278
10 0.19143892603357027 0.5455770389556772 0.0249129595714098 0.09469144216547655
8 0.13428566584033594 0.5451426745420742 0.025889938378131784 0.09382271333827032
11 0.21952706672682648 0.5455770389556772 0.02637842778149278 0.09295398451106408
