36 0.36524014433613894 0.5510412971271905 0.02531263271961428 0.09398066403412592
1 0.3918850208831013 0.46535304462548743 0.053733834369707426 0.03632866004680508
49 0.313060594431671 0.23237576823836828 0.02575671399539696 0.01421556262701063
3 0.2805275618809107 0.8028275876560699 0.022568210435277115 0.0324904581375122
34 0.3863832155892345 0.8047387910759234 0.023642887122671326 0.028668051297804906
17 0.4140561402896338 0.8033053885110332 0.028478932215944993 0.027712449587878076
50 0.34769485484304513 0.2323333668297538 0.033314977309218605 0.015289627358829251
33 0.40572739596232915 0.6164852542203385 0.044061744183160084 0.022934441038243946
12 0.31451310191656123 0.36492507846579936 0.02708895782274505 0.06791879921793978
12 0.2823172094223151 0.404807629169357 0.023980388892266127 0.06554953878010465
12 0.3036331106598849 0.4494287007485848 0.038190989717312745 0.07265732009361005
23 0.2807629249570755 0.5513068995754945 0.025312632719614217 0.09161140359629086
8 0.28098496559496683 0.5517017763151337 0.02575671399539696 0.09240115707556917
9 0.30896208596927743 0.5517017763151337 0.024868551443831547 0.09240115707556917
10 0.3371612469814792 0.5513068995754945 0.02531263271961428 0.09161140359629086
11 0.36558244863157247 0.5517017763151337 0.025312632719614217 0.09240115707556917
4 0.34786483199478213 0.5039418270953344 0.16615464497425464 0.5632762362066577
6 0.38983618762629957 0.47470071100810357 0.31932845830989565 0.7079428105329577
